
-- Estructura de tabla para la tabla `stock`
--

CREATE TABLE `stock` (
  `FK_idProducto` int(11) NOT NULL,
  `FK_idSucursal` int(11) NOT NULL,
  `FK_idAdministrador` int(11) NOT NULL,
  `stock` int(11) NOT NULL
) ENGINE=InnoDB DEFAULT CHARSET=utf8 COLLATE=utf8_spanish2_ci;

--
-- Volcado de datos para la tabla `stock`
--

INSERT INTO `stock` (`FK_idProducto`, `FK_idSucursal`, `FK_idAdministrador`, `stock`) VALUES
(1, 1, 1, 5),
(1, 2, 1, 44),
(1, 3, 1, 22),
(1, 4, 1, 28),
(1, 5, 1, 16),
(1, 6, 1, 34),
(2, 1, 1, 10),
(2, 2, 1, 24),
(2, 3, 1, 18),
(2, 4, 1, 23),
(2, 5, 1, 28),
(2, 6, 1, 32),
(3, 1, 1, 8),
(3, 2, 1, 30),
(3, 3, 1, 24),
(3, 4, 1, 21),
(3, 5, 1, 35),
(3, 6, 1, 19),
(4, 1, 1, 2),
(4, 2, 1, 29),
(4, 3, 1, 27),
(4, 4, 1, 19),
(4, 5, 1, 26),
(4, 6, 1, 25),
(5, 1, 1, 15),
(5, 2, 1, 25),
(5, 3, 1, 18),
(5, 4, 1, 34),
(5, 5, 1, 16),
(5, 6, 1, 25),
(6, 1, 1, 4),
(6, 2, 1, 22),
(6, 3, 1, 27),
(6, 4, 1, 16),
(6, 5, 1, 27),
(6, 6, 1, 12),
(7, 1, 1, 10),
(7, 2, 1, 18),
(7, 3, 1, 27),
(7, 4, 1, 26),
(7, 5, 1, 16),
(7, 6, 1, 16),
(8, 1, 1, 22),
(8, 2, 1, 20),
(8, 3, 1, 28),
(8, 4, 1, 29),
(8, 5, 1, 17),
(8, 6, 1, 26),
(9, 1, 1, 19),
(9, 2, 1, 21),
(9, 3, 1, 17),
(9, 4, 1, 25),
(9, 5, 1, 27),
(9, 6, 1, 23),
(10, 1, 1, 16),
(10, 2, 1, 27),
(10, 3, 1, 26),
(10, 4, 1, 23),
(10, 5, 1, 25),
(10, 6, 1, 23),
(11, 1, 1, 33),
(11, 2, 1, 18),
(11, 3, 1, 29),
(11, 4, 1, 11),
(11, 5, 1, 32),
(11, 6, 1, 19),
(12, 1, 1, 22),
(12, 2, 1, 15),
(12, 3, 1, 26),
(12, 4, 1, 18),
(12, 5, 1, 19),
(12, 6, 1, 26),
(13, 1, 1, 18),
(13, 2, 1, 18),
(13, 3, 1, 22),
(13, 4, 1, 12),
(13, 5, 1, 28),
(13, 6, 1, 15),
(14, 1, 1, 16),
(14, 2, 1, 26),
(14, 3, 1, 28),
(14, 4, 1, 16),
(14, 5, 1, 14),
(14, 6, 1, 23),
(15, 1, 1, 29),
(15, 2, 1, 18),
(15, 3, 1, 21),
(15, 4, 1, 19),
(15, 5, 1, 23),
(15, 6, 1, 16),
(16, 1, 1, 16),
(16, 2, 1, 21),
(16, 3, 1, 27),
(16, 4, 1, 24),
(16, 5, 1, 26),
(16, 6, 1, 34),
(17, 1, 1, 9),
(17, 2, 1, 22),
(17, 3, 1, 26),
(17, 4, 1, 17),
(17, 5, 1, 29),
(17, 6, 1, 37),
(18, 1, 1, 17),
(18, 2, 1, 26),
(18, 3, 1, 28),
(18, 4, 1, 29),
(18, 5, 1, 34),
(18, 6, 1, 39),
(19, 1, 1, 22),
(19, 2, 1, 18),
(19, 3, 1, 19),
(19, 4, 1, 13),
(19, 5, 1, 25),
(19, 6, 1, 23),
(20, 1, 1, 24),
(20, 2, 1, 24),
(20, 3, 1, 18),
(20, 4, 1, 23),
(20, 5, 1, 29),
(20, 6, 1, 18),
(21, 1, 1, 26),
(21, 2, 1, 17),
(21, 3, 1, 14),
(21, 4, 1, 34),
(21, 5, 1, 34),
(21, 6, 1, 26),
(22, 1, 1, 22),
(22, 2, 1, 19),
(22, 3, 1, 12),
(22, 4, 1, 28),
(22, 5, 1, 26),
(22, 6, 1, 17),
(23, 1, 1, 18),
(23, 2, 1, 6),
(23, 3, 1, 18),
(23, 4, 1, 16),
(23, 5, 1, 38),
(23, 6, 1, 16),
(24, 1, 1, 9),
(24, 2, 1, 17),
(24, 3, 1, 27),
(24, 4, 1, 25),
(24, 5, 1, 29),
(24, 6, 1, 28),
(25, 1, 1, 19),
(25, 2, 1, 21),
(25, 3, 1, 18),
(25, 4, 1, 32),
(25, 5, 1, 23),
(25, 6, 1, 35),
(26, 1, 1, 36),
(26, 2, 1, 29),
(26, 3, 1, 34),
(26, 4, 1, 19),
(26, 5, 1, 12),
(26, 6, 1, 26),
(27, 1, 1, 16),
(27, 2, 1, 17),
(27, 3, 1, 38),
(27, 4, 1, 25),
(27, 5, 1, 27),
(27, 6, 1, 16),
(28, 1, 1, 19),
(28, 2, 1, 23),
(28, 3, 1, 34),
(28, 4, 1, 25),
(28, 5, 1, 26),
(28, 6, 1, 27),
(29, 1, 1, 22),
(29, 2, 1, 16),
(29, 3, 1, 21),
(29, 4, 1, 12),
(29, 5, 1, 29),
(29, 6, 1, 16),
(30, 1, 1, 17),
(30, 2, 1, 18),
(30, 3, 1, 23),
(30, 4, 1, 16),
(30, 5, 1, 39),
(30, 6, 1, 17),
(31, 1, 1, 26),
(31, 2, 1, 19),
(31, 3, 1, 26),
(31, 4, 1, 26),
(31, 5, 1, 23),
(31, 6, 1, 27),
(32, 1, 1, 34),
(32, 2, 1, 24),
(32, 3, 1, 28),
(32, 4, 1, 23),
(32, 5, 1, 24),
(32, 6, 1, 25),
(33, 1, 1, 27),
(33, 2, 1, 17),
(33, 3, 1, 17),
(33, 4, 1, 23),
(33, 5, 1, 12),
(33, 6, 1, 32),
(34, 1, 1, 26),
(34, 2, 1, 29),
(34, 3, 1, 25),
(34, 4, 1, 19),
(34, 5, 1, 18),
(34, 6, 1, 2),
(35, 1, 1, 22),
(35, 2, 1, 24),
(35, 3, 1, 15),
(35, 4, 1, 26),
(35, 5, 1, 29),
(35, 6, 1, 28),
(36, 1, 1, 18),
(36, 2, 1, 38),
(36, 3, 1, 27),
(36, 4, 1, 15),
(36, 5, 1, 23),
(36, 6, 1, 12),
(37, 1, 1, 19),
(37, 2, 1, 24),
(37, 3, 1, 16),
(37, 4, 1, 23),
(37, 5, 1, 23),
(37, 6, 1, 12),
(38, 1, 1, 22),
(38, 2, 1, 23),
(38, 3, 1, 29),
(38, 4, 1, 16),
(38, 5, 1, 12),
(38, 6, 1, 19),
(39, 1, 1, 19),
(39, 2, 1, 29),
(39, 3, 1, 17),
(39, 4, 1, 34),
(39, 5, 1, 29),
(39, 6, 1, 34),
(40, 1, 1, 27),
(40, 2, 1, 20),
(40, 3, 1, 26),
(40, 4, 1, 37),
(40, 5, 1, 34),
(40, 6, 1, 25);
